28 24
45 30
43 29
39 47
49 50
54 62
54 45
41 35
2 50
26 42
13 37
9 1
50 42
39 30
61 53
5 40
49 57
35 50
11 2
37 32
31 4
63 7
54 9
9 0
17 25
47 42
12 5
56 24
7 55
17 19
25 16
4 21
48 53
57 58
11 47
0 6
41 57
16 20
44 45
45 59
45 39
63 27
43 58
15 63
62 47
13 31
37 20
4 3
55 10
47 44
38 29
33 26
28 25
10 1
24 9
15 39
17 41
10 16
43 45
21 28
6 46
14 7
32 18
23 18
49 42
22 50
24 42
10 0
51 52
47 41
40 5
29 12
26 43
20 52
49 52
51 49
41 9
16 22
61 56
22 18
32 24
10 3
36 39
59 42
49 51
41 6
14 9
56 41
47 37
9 45
43 49
60 59
7 63
25 34
35 33
48 51
39 34
61 34
41 59
58 43
46 52
44 54
42 35
22 17
5 22
55 45
8 14
1 6
36 26
61 63
47 39
59 50
30 36
40 32
48 56
60 39
37 51
49 43
26 25
21 6
56 28
37 33
52 31
47 45
36 53
44 53
5 20
58 61
48 40
0 40
2 29
10 27
28 18
29 13
6 5
29 57
36 20
50 15
46 38
9 63
20 6
42 14
22 29
53 26
2 47
44 43
1 2
37 61
40 33
12 8
54 36
11 29
59 32
7 6
41 33
38 45
47 31
58 30
61 37
20 36
41 1
51 57
23 19
41 43
40 34
37 1
1 11
11 14
9 36
41 49
32 50
12 6
18 26
22 43
8 18
37 5
57 43
8 17
1 8
1 19
42 52
20 21
58 10
39 38
15 10
5 23
33 40
8 35
10 17
52 16
10 28
42 44
10 42
20 5
28 31
32 42
29 27
58 44
52 54
24 26
34 33
45 62
2 38
30 51
41 26
25 29
20 30
57 49
34 25
18 24
3 5
36 51
41 25
35 39
43 22
36 35
30 6
51 11
39 29
26 10
25 49
4 36
11 51
53 50
22 37
12 36
52 4
61 21
27 44
27 12
62 58
3 59
44 30
50 52
15 31
18 50
0 56
19 34
0 18
59 43
1 17
28 52
29 61
19 35
12 39
36 30
47 29
26 58
6 41
22 13
57 51
19 13
10 19
44 60
19 51
26 28
39 36
45 54
5 29
8 62
61 44
15 47
50 36
33 43
0 16
17 20
31 21
48 8
18 63
50 55
32 59
46 19
43 44
34 10
52 51
37 38
51 50
49 33
49 9
8 48
38 37
39 22
3 12
21 56
7 49
4 31
55 50
39 55
13 61
33 25
43 28
46 1
32 39
6 3
35 62
63 57
35 59
30 37
10 2
57 1
26 12
63 15
57 40
12 14
31 7
60 33
28 7
0 4
58 49
47 20
63 47
0 54
11 25
51 55
27 24
29 19
6 34
33 48
47 2
15 21
27 54
18 33
57 48
17 21
13 11
31 47
51 41
2 17
54 37
41 58
26 11
24 33
12 30
33 5
16 43
2 19
43 16
45 44
6 7
43 25
21 35
54 48
8 25
0 63
14 22
30 3
42 59
53 47
4 5
12 20
33 42
46 40
29 14
53 29
37 31
46 43
42 57
15 9
62 54
55 19
57 60
55 54
51 23
43 59
31 27
15 30
7 28
21 29
0 27
36 18
44 50
11 26
3 10
28 60
40 0
22 14
62 61
5 26
4 19
45 53
23 30
19 36
21 23
1 41
14 12
21 30
51 30
26 35
8 11
60 57
4 11
25 27
47 7
29 22
1 33
12 28
25 35
28 12
27 31
29 21
54 51
27 42
55 49
10 25
27 25
9 27
24 40
50 33
54 63
52 58
1 49
20 47
45 43
49 53
48 49
12 13
47 30
60 51
17 53
2 26
46 22
41 47
14 49
24 48
56 0
28 10
37 13
42 47
39 53
39 3
25 28
6 23
9 14
50 60
34 20
9 57
3 43
60 61
22 20
53 48
11 19
10 12
38 31
50 29
32 48
62 35
23 51
16 40
59 61
42 7
45 27
51 44
23 63
48 55
62 26
35 53
48 50
56 48
3 4
62 17
57 61
46 60
1 3
35 3
9 17
25 24
15 57
61 55
2 18
56 57
34 16
5 11
17 16
26 9
27 6
9 8
4 2
22 15
57 50
7 14
25 61
33 51
30 13
33 41
37 47
50 35
7 31
20 11
2 11
51 59
39 46
55 48
44 29
35 21
49 58
20 13
18 34
58 63
37 23
19 9
13 5
62 52
62 57
37 43
48 27
40 19
63 55
14 5
20 23
21 31
43 19
35 43
10 34
45 47
28 19
21 39
34 6
28 43
36 46
38 53
33 37
8 2
35 37
38 36
23 20
51 36
8 15
56 61
62 46
43 34
2 3
43 57
50 26
36 34
17 9
60 20
2 42
26 30
18 28
18 9
24 18
13 41
33 24
63 60
27 0
49 28
6 22
16 61
33 49
50 44
12 18
60 44
40 49
55 15
42 51
19 18
55 23
38 52
50 54
57 59
27 30
20 29
49 35
15 23
21 17
18 8
33 9
2 58
52 60
54 27
34 35
22 4
20 10
18 2
24 10
3 27
31 15
18 3
17 27
49 55
49 34
46 41
36 33
30 24
4 6
8 44
53 60
1 7
48 16
26 32
44 38
11 43
61 60
34 51
49 17
62 59
47 55
47 46
1 18
30 46
58 26
47 11
22 23
13 12
7 21
28 56
41 34
29 44
25 57
48 33
51 42
21 11
51 33
61 5
30 27
25 42
19 16
29 26
20 60
18 16
44 41
3 35
52 44
9 2
13 8
46 36
14 20
4 18
27 21
35 19
18 21
5 6
14 29
18 23
36 15
37 54
22 31
53 39
0 10
46 53
9 25
52 62
10 50
39 21
39 54
28 21
31 52
55 53
43 53
60 42
22 12
54 44
37 53
2 10
30 12
43 50
38 14
31 37
38 39
19 28
36 52
12 60
46 44
13 53
60 4
18 19
52 34
54 0
62 14
27 28
5 0
38 11
16 1
19 4
28 55
37 34
19 21
33 19
56 58
44 47
8 1
44 59
63 56
42 32
41 17
3 6
44 27
29 36
13 27
45 35
61 62
5 4
7 56
29 37
45 13
9 54
60 58
14 56
13 22
39 63
19 12
21 20
58 40
2 9
44 20
21 22
10 37
44 46
16 10
53 59
6 62
23 14
17 10
29 46
58 57
55 61
5 12
4 14
32 38
48 32
11 27
21 61
34 17
1 55
46 61
62 22
3 19
11 10
44 28
40 43
59 3
55 31
11 18
36 45
9 12
28 45
14 54
40 26
59 58
37 45
17 11
57 56
19 23
14 13
29 5
37 30
43 15
34 27
63 23
9 41
52 42
59 45
43 36
20 27
26 34
41 40
11 4
42 33
17 32
27 18
21 15
27 51
8 13
59 62
55 51
37 29
47 40
24 32
34 40
13 15
27 43
53 21
22 30
42 56
40 41
11 20
34 42
39 15
6 20
51 61
21 14
38 47
3 0
52 61
8 40
19 59
28 42
0 9
17 8
16 52
41 46
25 26
51 53
58 37
48 20
4 25
5 45
40 44
9 19
48 0
18 54
51 24
17 2
6 54
17 0
22 5
4 10
27 41
2 0
35 36
15 22
27 33
30 38
35 17
28 36
41 42
4 32
29 38
37 58
40 24
2 12
46 30
62 30
2 6
58 59
45 9
45 60
46 47
37 46
8 24
58 41
8 16
55 52
27 45
57 42
10 9
42 24
19 1
26 18
32 36
19 20
33 27
18 0
61 13
40 45
30 58
34 44
15 29
10 55
18 20
27 11
53 43
16 48
54 55
46 39
8 10
21 45
8 0
31 39
48 52
14 11
47 62
4 20
2 7
10 15
34 19
20 35
52 25
50 43
7 5
12 15
5 53
31 30
46 37
60 12
4 0
11 13
55 28
32 40
44 12
52 50
13 14
4 28
61 45
59 38
51 48
33 39
3 1
45 40
47 54
50 34
37 35
6 15
49 56
38 23
14 62
31 13
51 35
28 22
3 21
7 39
61 51
25 9
47 61
33 32
32 0
34 28
25 4
30 20
35 28
10 18
17 49
59 57
16 24
32 25
48 58
52 53
21 7
15 13
53 46
10 46
59 11
15 8
45 46
34 18
39 32
19 2
62 63
43 46
6 38
59 31
13 21
13 28
50 18
6 0
63 18
20 48
36 28
13 34
21 38
12 2
60 28
23 13
31 55
36 29
54 14
28 30
21 5
22 39
60 24
26 27
39 31
45 18
34 43
27 35
58 18
45 5
10 11
37 44
16 0
34 24
49 25
42 45
24 30
6 21
38 33
46 31
28 44
59 41
53 45
18 25
53 51
1 57
34 32
44 58
36 21
54 61
52 55
60 63
9 11
28 4
63 0
32 34
5 13
29 53
31 29
36 32
60 43
17 44
38 22
62 55
38 6
32 49
10 58
7 4
61 46
45 38
34 38
40 47
26 8
32 37
42 2
38 35
36 44
57 33
11 8
35 34
20 38
52 12
11 5
13 30
13 19
45 37
30 44
49 48
28 13
7 3
35 8
26 33
33 17
3 11
56 21
46 6
49 32
40 16
61 47
6 13
25 18
58 34
23 37
19 10
1 10
16 9
54 60
0 24
50 59
23 7
50 58
27 29
44 61
7 15
25 41
34 41
51 54
35 51
58 50
35 52
36 43
35 18
36 54
16 23
53 44
35 29
24 56
53 8
36 57
57 41
53 63
23 39
50 2
49 40
34 49
20 14
14 23
51 34
51 45
14 15
56 8
41 56
45 61
61 52
29 25
19 29
14 6
18 27
57 62
24 31
21 19
59 52
36 42
18 35
44 62
31 22
43 41
47 63
16 8
52 36
33 35
43 35
4 13
15 12
28 37
39 33
30 21
18 22
27 10
8 12
14 46
49 7
4 60
34 61
37 39
24 27
16 34
44 35
52 59
11 59
42 36
26 62
5 19
22 16
29 47
8 9
57 63
29 20
27 37
21 13
25 10
17 62
30 15
11 15
36 37
54 50
27 26
54 38
12 33
25 17
58 23
18 58
33 38
44 40
11 35
30 39
14 21
33 12
51 43
29 28
3 51
38 32
26 41
13 7
42 10
15 5
14 42
49 21
54 52
16 17
45 0
24 34
17 24
23 6
13 45
18 4
63 54
30 25
12 10
23 31
36 38
4 7
55 7
31 59
9 18
5 21
52 46
29 45
4 52
27 20
60 54
25 31
13 9
16 19
20 17
13 3
20 4
31 46
26 2
9 3
7 2
55 62
25 1
28 14
21 27
43 27
26 31
42 25
36 12
36 60
29 11
18 11
50 22
31 28
29 50
10 26
1 46
33 57
3 13
23 58
51 58
38 46
23 17
6 2
12 11
53 35
63 39
34 48
12 26
20 28
2 8
3 24
43 61
62 53
27 63
46 14
59 44
18 42
57 29
40 42
28 29
43 47
25 19
60 45
26 36
12 29
37 55
20 12
38 54
19 25
33 1
63 53
21 42
26 24
37 10
48 24
7 0
35 7
22 46
32 17
33 34
25 43
34 50
42 49
53 54
32 8
50 51
44 37
63 9
48 54
61 25
1 9
21 36
59 27
51 19
0 3
15 7
40 46
63 36
7 42
19 37
29 31
13 48
63 45
20 18
57 9
13 6
23 38
1 4
31 14
31 24
27 59
5 3
62 60
25 40
56 42
27 19
49 54
14 31
44 42
36 50
13 4
18 1
63 46
45 36
24 16
19 5
24 3
30 14
63 62
32 41
5 2
24 8
53 13
58 42
16 32
34 2
22 19
58 56
60 36
43 37
44 52
9 26
42 50
19 43
59 35
16 26
55 46
29 35
41 50
18 36
53 38
22 6
40 50
22 62
41 24
20 41
43 26
54 18
30 22
54 30
17 57
19 26
52 43
61 59
61 29
62 45
21 37
33 16
59 49
54 22
3 30
30 28
28 26
29 43
21 16
32 11
39 60
3 2
19 33
6 12
14 35
10 14
49 14
13 23
5 33
32 16
55 1
24 29
42 46
53 36
53 37
41 45
2 34
62 38
36 0
42 18
50 56
30 54
40 58
46 10
7 35
39 12
33 36
13 10
3 39
27 3
58 52
32 35
30 29
35 41
15 55
46 29
27 48
0 48
35 44
13 20
19 55
60 46
20 22
1 5
38 44
57 25
6 4
18 32
58 51
41 20
1 0
56 40
0 5
27 17
18 12
45 52
35 45
55 39
46 62
9 16
24 28
31 26
21 53
53 49
57 15
20 2
39 37
46 45
15 11
56 63
36 22
52 35
38 2
42 21
0 45
24 17
22 38
12 27
45 42
6 1
28 11
23 55
19 11
17 23
44 36
52 49
18 45
34 58
59 53
42 26
30 62
43 51
44 17
59 63
22 21
38 21
12 21
11 3
0 17
32 56
27 34
48 6
26 17
61 57
36 4
9 33
52 28
37 28
38 62
57 22
31 25
42 28
5 61
6 30
34 52
44 4
52 20
40 12
27 13
47 53
24 25
37 27
62 8
47 15
25 8
21 12
15 50
19 27
35 20
25 11
59 60
50 57
44 26
5 14
51 27
63 58
17 35
34 26
31 38
54 46
52 38
17 34
37 52
21 3
7 1
35 25
50 41
14 38
16 21
2 1
62 56
40 56
17 22
61 43
14 10
20 44
22 7
10 13
17 18
48 42
26 53
53 5
24 41
55 38
43 60
37 22
43 11
9 10
22 36
45 63
50 49
20 34
15 43
62 44
11 28
23 29
35 14
38 55
56 16
56 14
40 57
29 30
55 47
36 63
19 17
47 38
45 29
58 48
37 21
8 56
56 62
53 61
56 32
60 53
11 9
48 34
50 40
57 17
59 19
51 60
32 33
60 52
54 6
8 26
8 53
35 56
56 50
54 47
29 39
48 57
52 37
59 51
16 25
12 40
11 17
35 27
31 45
11 32
16 56
38 30
46 54
38 59
32 26
41 13
35 38
42 27
44 34
4 12
24 51
63 31
50 32
58 2
45 21
38 20
3 18
21 49
22 57
25 30
50 53
35 11
59 56
16 33
2 4
5 1
47 23
21 4
44 51
43 33
17 3
26 19
35 49
3 9
60 56
38 34
21 18
42 41
41 48
51 3
14 30
19 22
43 52
30 31
22 54
55 63
31 23
3 7
52 45
50 48
6 14
5 7
23 15
33 50
16 18
52 48
51 37
1 28
3 17
29 24
3 20
35 42
12 44
40 48
54 39
57 36
61 54
2 5
5 37
17 1
33 60
56 7
12 4
23 44
9 24
7 47
34 13
45 51
20 37
8 32
12 22
20 16
43 3
43 40
45 28
42 58
26 5
25 32
29 15
11 12
22 28
19 3
53 17
9 49
26 44
35 26
60 62
54 49
12 3
63 61
16 2
28 27
0 2
45 55
6 48
1 16
7 22
11 1
42 34
58 62
36 19
26 40
33 18
28 1
30 45
44 23
42 43
41 44
26 20
46 28
10 8
41 27
10 4
17 26
1 37
18 17
19 40
29 2
4 44
28 20
24 60
41 51
12 9
25 33
42 48
46 55
23 22
0 8
19 46
10 24
25 52
38 28
23 21
27 9
11 21
32 4
0 1
2 20
9 15
0 7
45 31
1 25
5 15
30 26
41 32
20 26
15 14
34 37
58 60
54 53
23 16
4 1
60 50
63 59
14 28
56 49
28 49
29 23
20 3
2 16
40 8
18 10
4 22
44 8
53 55
55 37
42 40
28 35
42 60
53 52
26 16
61 58
28 46
7 13
23 47
7 23
56 59
11 38
14 4
34 36
20 19
6 27
40 25
39 23
49 1
49 41
34 39
31 63
45 41
36 9
0 36
50 10
53 62
14 8
28 38
10 20
15 36
30 47
23 5
56 35
62 6
48 13
13 29
30 23
61 16
36 27
37 19
24 0
49 59
17 33
26 50
27 36
12 19
0 32
35 32
39 35
9 13
37 36
43 42
15 6
47 43
39 45
12 52
48 41
46 42
28 34
56 60
26 29
46 63
39 7