0 0.0
1 379.64390342618645
2 244.06996970967322
3 205.9544336083612
4 379.16406035609293
5 257.3815800401163
6 372.64147080346316
7 295.783565198623
8 423.78515932886324
9 273.04032200368863
10 299.55084565349705
11 360.4987996944556
12 372.4497004921271
13 419.70486353639114
14 369.8754614714727
15 386.0235576995712
16 451.77663252433496
17 400.94199115924806
18 401.88774983481676
19 309.69994095405787
20 313.6794762567167
21 303.1514198338291
22 303.82704339382514
23 369.8068870889514
24 233.9566635744661
25 342.5937037720863
26 312.80140438866556
27 444.66330945007286
28 357.0778639007249
29 339.1440586246692
30 405.0095095159246
31 447.02669111029263
32 383.52310215693865
33 399.54135962665816
34 397.8430433905729
35 437.08917908367005
36 382.350319728234
