0 0.0
1 75.30609952179161
2 35.913687271228625
3 56.125096230772115
4 57.36273374334494
5 62.38276462854255
6 58.73581166394744
7 56.36637274456958
8 105.82750785558432
9 35.34542072508519
10 83.24268131197691
11 81.59715724371006
12 59.859773400367544
13 66.93696016612942
14 67.5489068006583
15 59.49798478875072
16 83.32770035845962
17 75.46238240406457
18 67.85877834800964
19 64.71839564652359
20 74.99177997949226
21 64.88182932939566
22 69.62706549699897
23 34.41163128576453
24 46.11723567621985
25 67.28749769832064
26 40.89455133504
27 94.98780390296608
28 48.98832523840274
29 51.424199463505445
30 45.59450285333057
31 76.66689952026897
32 78.18003009023593
33 59.08366676006846
34 79.40428734930657
35 82.92907170648907
36 62.97123829251171
